                      10                       20.308493
                      12                       12.179139
                      14                       19.817603
                      16                       16.544383
                      18                       6.9538254
                      20                        4.592374
                      22                       9.4932716
                      24                       15.621729
                      26                       16.788194
                      28                       17.150783
                      30                       18.072282
                      32                       18.006711
                      34                       17.386126
                      36                       17.122574
                      38                       17.110055
                      40                       17.484713
                      42                       17.963983
                      44                        17.95819
                      46                       17.574822
                      48                       17.263747
                      50                       17.139246
                      52                       17.629687
                      54                       18.759412
                      56                       19.608495
                      58                        19.79618
                      60                       19.420547
                      62                       19.200561
                      64                       19.544118
                      66                       19.599001
                      68                       18.950158
                      70                       17.480773
                      72                       15.165161
                      74                       12.462601
                      76                       10.331599
                      78                       10.508207
                      80                       12.594097
                      82                       14.578359
                      84                       15.914579
                      86                       16.808751
                      88                       17.374748
                      90                       17.548731
                      92                       17.251765
                      94                       16.812152
                      96                       16.577056
                      98                       16.875845
                     100                       17.513075
                     102                       17.840443
                     104                       17.706839
                     106                       17.101577
                     108                       16.060278
                     110                       14.691372
                     112                       13.440937
                     114                       12.480112
                     116                       11.425132
                     118                       10.654938
                     120                       9.5180871
                     122                       9.0069786
                     124                       9.6303866

